4 0.2890625 0.9203125 0.0234375 0.02109375
4 0.5796875 0.95 0.0203125 0.01953125
4 0.7265625 0.84453125 0.02265625 0.01484375
4 0.71640625 0.8546875 0.0140625 0.0125
2 0.921875 0.790625 0.1171875 0.16953125
2 0.38671875 0.40546875 0.05078125 0.08671875
2 0.22578125 0.36484375 0.04375 0.08984375
2 0.2671875 0.3671875 0.0375 0.09921875
2 0.28984375 0.321875 0.04375 0.0859375
2 0.09765625 0.259375 0.034375 0.059375
2 0.0515625 0.5140625 0.06484375 0.03359375
2 0.034375 0.5546875 0.06796875 0.0453125